2.590,10,0,0,50,2,90
2.980,250,0.07,0,50,1,100
1.1500,130,1320,1555,25,0,1,275,25
2.1680,550,0.07,0,50,1,100
1.2000,470,1930,2160,25,0,2,275,25
1.2000,230,1930,2160,25,0,2,275,25
1.2200,230,2160,2390,25,0,3,275,25
1.2700,230,2650,2890,25,0,2,275,25
2.2720,100,0,0,50,2,90
2.3120,500,0.07,0,50,1,90
2.3480,500,0.07,0,50,1,90
1.4100,330,4085,4205,25,0,2,275,25
1.4300,330,4205,4325,25,0,3,275,25
2.4200,100,0,0,50,2,90
1.4600,270,4565,4685,25,0,1,275,25
1.4700,270,4685,4805,25,0,2,275,25
2.4600,90,0,0,50,2,90
1.5100,230,5045,5165,25,0,1,275,25
1.5200,230,5165,5285,25,0,2,275,25
2.5100,50,0,0,50,2,90
1.5600,180,5525,5645,25,0,3,275,25
1.5700,180,5645,5765,25,0,2,275,25
2.5600,20,0,0,50,2,90
3.6400,50,6120,6600,20,1,3,400,40,25